-1.50 1.50 0.00 0.00 0.00 0.30 0.00 0.00 0.00 0.00 0.00
-1.50 1.50 0.01 0.00 0.00 0.30 0.00 0.00 0.00 0.00 0.00
-1.50 1.50 0.01 0.00 0.00 0.30 0.00 0.00 0.00 0.00 0.00
-1.50 1.50 0.01 0.00 0.00 0.30 0.00 0.00 0.00 0.00 0.00
-1.50 1.50 0.02 0.00 0.00 0.30 0.00 0.00 0.00 0.00 0.00
-1.50 1.50 0.03 0.00 0.00 0.30 0.00 0.00 0.00 0.00 0.00
-1.50 1.50 0.03 0.00 0.00 0.30 0.00 0.00 0.00 0.00 0.00
-1.50 1.50 0.04 0.00 0.00 0.30 0.00 0.00 0.00 0.00 0.00
-1.50 1.50 0.04 0.00 0.00 0.30 0.00 0.00 0.00 0.00 0.00
-1.50 1.50 0.04 0.00 0.00 0.30 0.00 0.00 0.00 0.00 0.00
-1.50 1.50 0.05 0.00 0.00 0.30 0.00 0.00 0.00 0.00 0.00
-1.50 1.50 0.05 0.00 0.00 0.30 0.00 0.00 0.00 0.00 0.00
-1.50 1.50 0.06 0.00 0.00 0.30 0.00 0.00 0.00 0.00 0.00
-1.50 1.50 0.06 0.00 0.00 0.30 0.00 0.00 0.00 0.00 0.00
-1.50 1.50 0.07 0.00 0.00 0.30 0.00 0.00 0.00 0.00 0.00
-1.50 1.50 0.07 0.00 0.00 0.30 0.00 0.00 0.00 0.00 0.00
-1.50 1.50 0.08 0.00 0.00 0.30 0.00 0.00 0.00 0.00 0.00
-1.50 1.50 0.09 0.00 0.00 0.30 0.00 0.00 0.00 0.00 0.00
-1.50 1.50 0.09 0.00 0.00 0.30 0.00 0.00 0.00 0.00 0.00
-1.50 1.50 0.10 0.00 0.00 0.30 0.00 0.00 0.00 0.00 0.00
-1.50 1.50 0.10 0.00 0.00 0.30 0.00 0.00 0.00 0.00 0.00
-1.50 1.50 0.11 0.00 0.00 0.30 0.00 0.00 0.00 0.00 0.00
-1.50 1.50 0.11 0.00 0.00 0.30 0.00 0.00 0.00 0.00 0.00
-1.50 1.50 0.12 0.00 0.00 0.30 0.00 0.00 0.00 0.00 0.00
-1.50 1.50 0.12 0.00 0.00 0.30 0.00 0.00 0.00 0.00 0.00
-1.50 1.50 0.13 0.00 0.00 0.30 0.00 0.00 0.00 0.00 0.00
-1.50 1.50 0.13 0.00 0.00 0.30 0.00 0.00 0.00 0.00 0.00
-1.50 1.50 0.14 0.00 0.00 0.30 0.00 0.00 0.00 0.00 0.00
-1.50 1.50 0.14 0.00 0.00 0.30 0.00 0.00 0.00 0.00 0.00
-1.50 1.50 0.15 0.00 0.00 0.30 0.00 0.00 0.00 0.00 0.00
-1.50 1.50 0.15 0.00 0.00 0.30 0.00 0.00 0.00 0.00 0.00
-1.50 1.50 0.16 0.00 0.00 0.30 0.00 0.00 0.00 0.00 0.00
-1.50 1.50 0.16 0.00 0.00 0.30 0.00 0.00 0.00 0.00 0.00
-1.50 1.50 0.17 0.00 0.00 0.30 0.00 0.00 0.00 0.00 0.00
-1.50 1.50 0.17 0.00 0.00 0.30 0.00 0.00 0.00 0.00 0.00
-1.50 1.50 0.18 0.00 0.00 0.30 0.00 0.00 0.00 0.00 0.00
-1.50 1.50 0.18 0.00 0.00 0.30 0.00 0.00 0.00 0.00 0.00
-1.50 1.50 0.19 0.00 0.00 0.30 0.00 0.00 0.00 0.00 0.00
-1.50 1.50 0.19 0.00 0.00 0.30 0.00 0.00 0.00 0.00 0.00
-1.50 1.50 0.20 0.00 0.00 0.30 0.00 0.00 0.00 0.00 0.00
-1.50 1.50 0.20 0.00 0.00 0.30 0.00 0.00 0.00 0.00 0.00
-1.50 1.50 0.21 0.00 0.00 0.30 0.00 0.00 0.00 0.00 0.00
-1.50 1.50 0.21 0.00 0.00 0.30 0.00 0.00 0.00 0.00 0.00
-1.50 1.50 0.22 0.00 0.00 0.30 0.00 0.00 0.00 0.00 0.00
-1.50 1.50 0.22 0.00 0.00 0.30 0.00 0.00 0.00 0.00 0.00
-1.50 1.50 0.23 0.00 0.00 0.30 0.00 0.00 0.00 0.00 0.00
-1.50 1.50 0.23 0.00 0.00 0.30 0.00 0.00 0.00 0.00 0.00
-1.50 1.50 0.24 0.00 0.00 0.30 0.00 0.00 0.00 0.00 0.00
-1.50 1.50 0.24 0.00 0.00 0.30 0.00 0.00 0.00 0.00 0.00
-1.50 1.50 0.25 0.00 0.00 0.30 0.00 0.00 0.00 0.00 0.00
-1.50 1.50 0.25 0.00 0.00 0.30 0.00 0.00 0.00 0.00 0.00
-1.50 1.50 0.26 0.00 0.00 0.30 0.00 0.00 0.00 0.00 0.00
-1.50 1.50 0.26 0.00 0.00 0.30 0.00 0.00 0.00 0.00 0.00
-1.50 1.50 0.27 0.00 0.00 0.30 0.00 0.00 0.00 0.00 0.00
-1.50 1.50 0.27 0.00 0.00 0.30 0.00 0.00 0.00 0.00 0.00
-1.50 1.50 0.28 0.00 0.00 0.30 0.00 0.00 0.00 0.00 0.00
-1.50 1.50 0.28 0.00 0.00 0.30 0.00 0.00 0.00 0.00 0.00
-1.50 1.50 0.29 0.00 0.00 0.30 0.00 0.00 0.00 0.00 0.00
-1.50 1.50 0.29 0.00 0.00 0.30 0.00 0.00 0.00 0.00 0.00
-1.50 1.50 0.30 0.00 0.00 0.30 0.00 0.00 0.00 0.00 0.00
-1.50 1.50 0.30 0.00 0.00 0.30 0.00 0.00 0.00 0.00 0.00
-1.50 1.50 0.31 0.00 0.00 0.30 0.00 0.00 0.00 0.00 0.00
-1.50 1.50 0.31 0.00 0.00 0.30 0.00 0.00 0.00 0.00 0.00
-1.50 1.50 0.32 0.00 0.00 0.30 0.00 0.00 0.00 0.00 0.00
-1.50 1.50 0.32 0.00 0.00 0.30 0.00 0.00 0.00 0.00 0.00
-1.50 1.50 0.33 0.00 0.00 0.30 0.00 0.00 0.00 0.00 0.00
-1.50 1.50 0.33 0.00 0.00 0.30 0.00 0.00 0.00 0.00 0.00
-1.50 1.50 0.34 0.00 0.00 0.30 0.00 0.00 0.00 0.00 0.00
-1.50 1.50 0.34 0.00 0.00 0.30 0.00 0.00 0.00 0.00 0.00
-1.50 1.50 0.35 0.00 0.00 0.30 0.00 0.00 0.00 0.00 0.00
-1.50 1.50 0.35 0.00 0.00 0.30 0.00 0.00 0.00 0.00 0.00
-1.50 1.50 0.36 0.00 0.00 0.30 0.00 0.00 0.00 0.00 0.00
-1.50 1.50 0.36 0.00 0.00 0.30 0.00 0.00 0.00 0.00 0.00
-1.50 1.50 0.37 0.00 0.00 0.30 0.00 0.00 0.00 0.00 0.00
-1.50 1.50 0.37 0.00 0.00 0.30 0.00 0.00 0.00 0.00 0.00
-1.50 1.50 0.38 0.00 0.00 0.30 0.00 0.00 0.00 0.00 0.00
-1.50 1.50 0.38 0.00 0.00 0.30 0.00 0.00 0.00 0.00 0.00
-1.50 1.50 0.39 0.00 0.00 0.30 0.00 0.00 0.00 0.00 0.00
-1.50 1.50 0.39 0.00 0.00 0.30 0.00 0.00 0.00 0.00 0.00
-1.50 1.50 0.40 0.00 0.00 0.30 0.00 0.00 0.00 0.00 0.00
-1.50 1.50 0.40 0.00 0.00 0.30 0.00 0.00 0.00 0.00 0.00
-1.50 1.50 0.41 0.00 0.00 0.30 0.00 0.00 0.00 0.00 0.00
-1.50 1.50 0.41 0.00 0.00 0.30 0.00 0.00 0.00 0.00 0.00
-1.50 1.50 0.42 0.00 0.00 0.30 0.00 0.00 0.00 0.00 0.00
-1.50 1.50 0.42 0.00 0.00 0.30 0.00 0.00 0.00 0.00 0.00
-1.50 1.50 0.43 0.00 0.00 0.30 0.00 0.00 0.00 0.00 0.00
-1.50 1.50 0.43 0.00 0.00 0.30 0.00 0.00 0.00 0.00 0.00
-1.50 1.50 0.44 0.00 0.00 0.30 0.00 0.00 0.00 0.00 0.00
-1.50 1.50 0.44 0.00 0.00 0.30 0.00 0.00 0.00 0.00 0.00
-1.50 1.50 0.45 0.00 0.00 0.30 0.00 0.00 0.00 0.00 0.00
-1.50 1.50 0.45 0.00 0.00 0.30 0.00 0.00 0.00 0.00 0.00
-1.50 1.50 0.46 0.00 0.00 0.30 0.00 0.00 0.00 0.00 0.00
-1.50 1.50 0.46 0.00 0.00 0.30 0.00 0.00 0.00 0.00 0.00
-1.50 1.50 0.47 0.00 0.00 0.30 0.00 0.00 0.00 0.00 0.00
-1.50 1.50 0.47 0.00 0.00 0.30 0.00 0.00 0.00 0.00 0.00
-1.50 1.50 0.48 0.00 0.00 0.30 0.00 0.00 0.00 0.00 0.00
-1.50 1.50 0.48 0.00 0.00 0.30 0.00 0.00 0.00 0.00 0.00
-1.50 1.50 0.49 0.00 0.00 0.30 0.00 0.00 0.00 0.00 0.00
-1.50 1.50 0.49 0.00 0.00 0.30 0.00 0.00 0.00 0.00 0.00
-1.50 1.50 0.50 0.00 0.00 0.30 0.00 0.00 0.00 0.00 0.00
-1.50 1.50 0.50 0.00 0.00 0.30 0.00 0.00 0.00 0.00 0.00
-1.50 1.50 0.51 0.00 0.00 0.30 0.00 0.00 0.00 0.00 0.00
-1.50 1.50 0.51 0.00 0.00 0.30 0.00 0.00 0.00 0.00 0.00
-1.50 1.50 0.52 0.00 0.00 0.30 0.00 0.00 0.00 0.00 0.00
-1.50 1.50 0.52 0.00 0.00 0.30 0.00 0.00 0.00 0.00 0.00
-1.50 1.50 0.53 0.00 0.00 0.30 0.00 0.00 0.00 0.00 0.00
-1.50 1.50 0.53 0.00 0.00 0.30 0.00 0.00 0.00 0.00 0.00
-1.50 1.50 0.54 0.00 0.00 0.30 0.00 0.00 0.00 0.00 0.00
-1.50 1.50 0.54 0.00 0.00 0.30 0.00 0.00 0.00 0.00 0.00
-1.50 1.50 0.55 0.00 0.00 0.30 0.00 0.00 0.00 0.00 0.00
-1.50 1.50 0.55 0.00 0.00 0.30 0.00 0.00 0.00 0.00 0.00
-1.50 1.50 0.56 0.00 0.00 0.30 0.00 0.00 0.00 0.00 0.00
-1.50 1.50 0.56 0.00 0.00 0.30 0.00 0.00 0.00 0.00 0.00
-1.50 1.50 0.57 0.00 0.00 0.30 0.00 0.00 0.00 0.00 0.00
-1.50 1.50 0.57 0.00 0.00 0.30 0.00 0.00 0.00 0.00 0.00
-1.50 1.50 0.58 0.00 0.00 0.30 0.00 0.00 0.00 0.00 0.00
-1.50 1.50 0.58 0.00 0.00 0.30 0.00 0.00 0.00 0.00 0.00
-1.50 1.50 0.59 0.00 0.00 0.30 0.00 0.00 0.00 0.00 0.00
-1.50 1.50 0.59 0.00 0.00 0.30 0.00 0.00 0.00 0.00 0.00
-1.50 1.50 0.60 0.00 0.00 0.30 0.00 0.00 0.00 0.00 0.00
-1.50 1.50 0.60 0.00 0.00 0.30 0.00 0.00 0.00 0.00 0.00
-1.50 1.50 0.61 0.00 0.00 0.30 0.00 0.00 0.00 0.00 0.00
-1.50 1.50 0.61 0.00 0.00 0.30 0.00 0.00 0.00 0.00 0.00
-1.50 1.50 0.62 0.00 0.00 0.30 0.00 0.00 0.00 0.00 0.00
-1.50 1.50 0.62 0.00 0.00 0.30 0.00 0.00 0.00 0.00 0.00
-1.50 1.50 0.63 0.00 0.00 0.30 0.00 0.00 0.00 0.00 0.00
-1.50 1.50 0.63 0.00 0.00 0.30 0.00 0.00 0.00 0.00 0.00
-1.50 1.50 0.64 0.00 0.00 0.30 0.00 0.00 0.00 0.00 0.00
-1.50 1.50 0.64 0.00 0.00 0.30 0.00 0.00 0.00 0.00 0.00
-1.50 1.50 0.65 0.00 0.00 0.30 0.00 0.00 0.00 0.00 0.00
-1.50 1.50 0.65 0.00 0.00 0.30 0.00 0.00 0.00 0.00 0.00
-1.50 1.50 0.66 0.00 0.00 0.30 0.00 0.00 0.00 0.00 0.00
-1.50 1.50 0.66 0.00 0.00 0.30 0.00 0.00 0.00 0.00 0.00
-1.50 1.50 0.67 0.00 0.00 0.30 0.00 0.00 0.00 0.00 0.00
-1.50 1.50 0.67 0.00 0.00 0.30 0.00 0.00 0.00 0.00 0.00
-1.50 1.50 0.68 0.00 0.00 0.30 0.00 0.00 0.00 0.00 0.00
-1.50 1.50 0.68 0.00 0.00 0.30 0.00 0.00 0.00 0.00 0.00
-1.50 1.50 0.69 0.00 0.00 0.30 0.00 0.00 0.00 0.00 0.00
-1.50 1.50 0.69 0.00 0.00 0.30 0.00 0.00 0.00 0.00 0.00
-1.50 1.50 0.70 0.00 0.00 0.30 0.00 0.00 0.00 0.00 0.00
-1.50 1.50 0.70 0.00 0.00 0.30 0.00 0.00 0.00 0.00 0.00
-1.50 1.50 0.71 0.00 0.00 0.30 0.00 0.00 0.00 0.00 0.00
-1.50 1.50 0.71 0.00 0.00 0.30 0.00 0.00 0.00 0.00 0.00
-1.50 1.50 0.72 0.00 0.00 0.30 0.00 0.00 0.00 0.00 0.00
-1.50 1.50 0.72 0.00 0.00 0.30 0.00 0.00 0.00 0.00 0.00
-1.50 1.50 0.73 0.00 0.00 0.30 0.00 0.00 0.00 0.00 0.00
-1.50 1.50 0.73 0.00 0.00 0.30 0.00 0.00 0.00 0.00 0.00
-1.50 1.50 0.74 0.00 0.00 0.30 0.00 0.00 0.00 0.00 0.00
-1.50 1.50 0.74 0.00 0.00 0.30 0.00 0.00 0.00 0.00 0.00
-1.50 1.50 0.75 0.00 0.00 0.30 0.00 0.00 0.00 0.00 0.00
-1.50 1.50 0.75 0.00 0.00 0.30 0.00 0.00 0.00 0.00 0.00
-1.50 1.50 0.76 0.00 0.00 0.30 0.00 0.00 0.00 0.00 0.00
-1.50 1.50 0.76 0.00 0.00 0.30 0.00 0.00 0.00 0.00 0.00
-1.50 1.50 0.77 0.00 0.00 0.30 0.00 0.00 0.00 0.00 0.00
-1.50 1.50 0.77 0.00 0.00 0.30 0.00 0.00 0.00 0.00 0.00
-1.50 1.50 0.78 0.00 0.00 0.30 0.00 0.00 0.00 0.00 0.00
-1.50 1.50 0.78 0.00 0.00 0.30 0.00 0.00 0.00 0.00 0.00
-1.50 1.50 0.79 0.00 0.00 0.30 0.00 0.00 0.00 0.00 0.00
-1.50 1.50 0.79 0.00 0.00 0.30 0.00 0.00 0.00 0.00 0.00
-1.50 1.50 0.80 0.00 0.00 0.30 0.00 0.00 0.00 0.00 0.00
-1.50 1.50 0.80 0.00 0.00 0.30 0.00 0.00 0.00 0.00 0.00
-1.50 1.50 0.81 0.00 0.00 0.30 0.00 0.00 0.00 0.00 0.00
-1.50 1.50 0.81 0.00 0.00 0.30 0.00 0.00 0.00 0.00 0.00
-1.50 1.50 0.82 0.00 0.00 0.30 0.00 0.00 0.00 0.00 0.00
-1.50 1.50 0.82 0.00 0.00 0.30 0.00 0.00 0.00 0.00 0.00
-1.50 1.50 0.83 0.00 0.00 0.30 0.00 0.00 0.00 0.00 0.00
-1.50 1.50 0.83 0.00 0.00 0.30 0.00 0.00 0.00 0.00 0.00
-1.50 1.50 0.84 0.00 0.00 0.30 0.00 0.00 0.00 0.00 0.00
-1.50 1.50 0.84 0.00 0.00 0.30 0.00 0.00 0.00 0.00 0.00
-1.50 1.50 0.85 0.00 0.00 0.30 0.00 0.00 0.00 0.00 0.00
-1.50 1.50 0.85 0.00 0.00 0.30 0.00 0.00 0.00 0.00 0.00
-1.50 1.50 0.86 0.00 0.00 0.30 0.00 0.00 0.00 0.00 0.00
-1.50 1.50 0.86 0.00 0.00 0.30 0.00 0.00 0.00 0.00 0.00
-1.50 1.50 0.87 0.00 0.00 0.30 0.00 0.00 0.00 0.00 0.00
-1.50 1.50 0.87 0.00 0.00 0.30 0.00 0.00 0.00 0.00 0.00
-1.50 1.50 0.88 0.00 0.00 0.30 0.00 0.00 0.00 0.00 0.00
-1.50 1.50 0.88 0.00 0.00 0.30 0.00 0.00 0.00 0.00 0.00
-1.50 1.50 0.89 0.00 0.00 0.30 0.00 0.00 0.00 0.00 0.00
-1.50 1.50 0.89 0.00 0.00 0.30 0.00 0.00 0.00 0.00 0.00
-1.50 1.50 0.90 0.00 0.00 0.30 0.00 0.00 0.00 0.00 0.00
-1.50 1.50 0.90 0.00 0.00 0.30 0.00 0.00 0.00 0.00 0.00
-1.50 1.50 0.91 0.00 0.00 0.30 0.00 0.00 0.00 0.00 0.00
-1.50 1.50 0.91 0.00 0.00 0.30 0.00 0.00 0.00 0.00 0.00
-1.50 1.50 0.92 0.00 0.00 0.30 0.00 0.00 0.00 0.00 0.00
-1.50 1.50 0.92 0.00 0.00 0.30 0.00 0.00 0.00 0.00 0.00
-1.50 1.50 0.93 0.00 0.00 0.30 0.00 0.00 0.00 0.00 0.00
-1.50 1.50 0.93 0.00 0.00 0.30 0.00 0.00 0.00 0.00 0.00
-1.50 1.50 0.94 0.00 0.00 0.30 0.00 0.00 0.00 0.00 0.00
-1.50 1.50 0.94 0.00 0.00 0.30 0.00 0.00 0.00 0.00 0.00
-1.50 1.50 0.95 0.00 0.00 0.30 0.00 0.00 0.00 0.00 0.00
-1.50 1.50 0.95 0.00 0.00 0.30 0.00 0.00 0.00 0.00 0.00
-1.50 1.50 0.96 0.00 0.00 0.30 0.00 0.00 0.00 0.00 0.00
-1.50 1.50 0.96 0.00 0.00 0.30 0.00 0.00 0.00 0.00 0.00
-1.50 1.50 0.97 0.00 0.00 0.30 0.00 0.00 0.00 0.00 0.00
-1.50 1.50 0.97 0.00 0.00 0.30 0.00 0.00 0.00 0.00 0.00
-1.50 1.50 0.98 0.00 0.00 0.30 0.00 0.00 0.00 0.00 0.00
-1.50 1.50 0.98 0.00 0.00 0.30 0.00 0.00 0.00 0.00 0.00
-1.50 1.50 0.99 0.00 0.00 0.30 0.00 0.00 0.00 0.00 0.00
-1.50 1.50 0.99 0.00 0.00 0.30 0.00 0.00 0.00 0.00 0.00
-1.50 1.50 1.00 0.00 0.00 0.30 0.00 0.00 0.00 0.00 0.00
-1.50 1.50 1.00 0.00 0.00 0.30 0.00 0.00 0.00 0.00 0.00
-1.50 1.50 1.00 0.00 0.00 0.00 0.00 0.00 0.00 0.00 0.00
-1.50 1.50 1.00 0.00 0.00 0.00 0.00 0.00 0.00 0.00 0.00
-1.50 1.50 1.00 0.00 0.00 0.00 0.00 0.00 0.00 0.00 0.00
-1.50 1.50 1.00 0.00 0.00 0.00 0.00 0.00 0.00 0.00 0.00
-1.50 1.50 1.00 0.00 0.00 0.00 0.00 0.00 0.00 0.00 0.00
-1.50 1.50 1.00 0.00 0.00 0.00 0.00 0.00 0.00 0.00 0.00
-1.50 1.50 1.00 0.00 0.00 0.00 0.00 0.00 0.00 0.00 0.00
-1.50 1.50 1.00 0.00 0.00 0.00 0.00 0.00 0.00 0.00 0.00
-1.50 1.50 1.00 0.00 0.00 0.00 0.00 0.00 0.00 0.00 0.00
-1.50 1.50 1.00 0.00 0.00 0.00 0.00 0.00 0.00 0.00 0.00
-1.50 1.50 1.00 0.00 0.00 0.00 0.00 0.00 0.00 0.00 0.00
-1.50 1.50 1.00 0.00 0.00 0.00 0.00 0.00 0.00 0.00 0.00
-1.50 1.50 1.00 0.00 0.00 0.00 0.00 0.00 0.00 0.00 0.00
-1.50 1.50 1.00 0.00 0.00 0.00 0.00 0.00 0.00 0.00 0.00
-1.50 1.50 1.00 0.00 0.00 0.00 0.00 0.00 0.00 0.00 0.00
-1.50 1.50 1.00 0.00 0.00 0.00 0.00 0.00 0.00 0.00 0.00
-1.50 1.50 1.00 0.00 0.00 0.00 0.00 0.00 0.00 0.00 0.00
-1.50 1.50 1.00 0.00 0.00 0.00 0.00 0.00 0.00 0.00 0.00
-1.50 1.50 1.00 0.00 0.00 0.00 0.00 0.00 0.00 0.00 0.00
-1.50 1.50 1.00 0.00 0.00 0.00 0.00 0.00 0.00 0.00 0.00
-1.50 1.50 1.00 0.00 0.00 0.00 0.00 0.00 0.00 0.00 0.00
-1.50 1.50 1.00 0.00 0.00 0.00 0.00 0.00 0.00 0.00 0.00
-1.50 1.50 1.00 0.00 0.00 0.00 0.00 0.00 0.00 0.00 0.00
-1.50 1.50 1.00 0.00 0.00 0.00 0.00 0.00 0.00 0.00 0.00
-1.50 1.50 1.00 0.00 0.00 0.00 0.00 0.00 0.00 0.00 0.00
-1.50 1.50 1.00 0.00 0.00 0.00 0.00 0.00 0.00 0.00 0.00
-1.50 1.50 1.00 0.00 0.00 0.00 0.00 0.00 0.00 0.00 0.00
-1.50 1.50 1.00 0.00 0.00 0.00 0.00 0.00 0.00 0.00 0.00
-1.50 1.50 1.00 0.00 0.00 0.00 0.00 0.00 0.00 0.00 0.00
-1.50 1.50 1.00 0.00 0.00 0.00 0.00 0.00 0.00 0.00 0.00
-1.50 1.50 1.00 0.00 0.00 0.00 0.00 0.00 0.00 0.00 0.00
-1.50 1.50 1.00 0.00 0.00 0.00 0.00 0.00 0.00 0.00 0.00
-1.50 1.50 1.00 0.00 0.00 0.00 0.00 0.00 0.00 0.00 0.00
-1.50 1.50 1.00 0.00 0.00 0.00 0.00 0.00 0.00 0.00 0.00
-1.50 1.50 1.00 0.00 0.00 0.00 0.00 0.00 0.00 0.00 0.00
-1.50 1.50 1.00 0.00 0.00 0.00 0.00 0.00 0.00 0.00 0.00
-1.50 1.50 1.00 0.00 0.00 0.00 0.00 0.00 0.00 0.00 0.00
-1.50 1.50 1.00 0.00 0.00 0.00 0.00 0.00 0.00 0.00 0.00
-1.50 1.50 1.00 0.00 0.00 0.00 0.00 0.00 0.00 0.00 0.00
-1.50 1.50 1.00 0.00 0.00 0.00 0.00 0.00 0.00 0.00 0.00
-1.50 1.50 1.00 0.00 0.00 0.00 0.00 0.00 0.00 0.00 0.00
-1.50 1.50 1.00 0.00 0.00 0.00 0.00 0.00 0.00 0.00 0.00
-1.50 1.50 1.00 0.00 0.00 0.00 0.00 0.00 0.00 0.00 0.00
-1.50 1.50 1.00 0.00 0.00 0.00 0.00 0.00 0.00 0.00 0.00
-1.50 1.50 1.00 0.00 0.00 0.00 0.00 0.00 0.00 0.00 0.00
-1.50 1.50 1.00 0.00 0.00 0.00 0.00 0.00 0.00 0.00 0.00
-1.50 1.50 1.00 0.00 0.00 0.00 0.00 0.00 0.00 0.00 0.00
-1.50 1.50 1.00 0.00 0.00 0.00 0.00 0.00 0.00 0.00 0.00
-1.50 1.50 1.00 0.00 0.00 0.00 0.00 0.00 0.00 0.00 0.00
-1.50 1.50 1.00 0.00 0.00 0.00 0.00 0.00 0.00 0.00 0.00
-1.50 1.50 1.00 0.00 0.00 0.00 0.00 0.00 0.00 0.00 0.00
-1.50 1.50 1.00 0.00 0.00 0.00 0.00 0.00 0.00 0.00 0.00
-1.50 1.50 1.00 0.00 0.00 0.00 0.00 0.00 0.00 0.00 0.00
-1.50 1.50 1.00 0.00 0.00 0.00 0.00 0.00 0.00 0.00 0.00
-1.50 1.50 1.00 0.00 0.00 0.00 0.00 0.00 0.00 0.00 0.00
-1.50 1.50 1.00 0.00 0.00 0.00 0.00 0.00 0.00 0.00 0.00
-1.50 1.50 1.00 0.00 0.00 0.00 0.00 0.00 0.00 0.00 0.00
-1.50 1.50 1.00 0.00 0.00 0.00 0.00 0.00 0.00 0.00 0.00
-1.50 1.50 1.00 0.00 0.00 0.00 0.00 0.00 0.00 0.00 0.00
-1.50 1.50 1.00 0.00 0.00 0.00 0.00 0.00 0.00 0.00 0.00
-1.50 1.50 1.00 0.00 0.00 0.00 0.00 0.00 0.00 0.00 0.00
-1.50 1.50 1.00 0.00 0.00 0.00 0.00 0.00 0.00 0.00 0.00
-1.50 1.50 1.00 0.00 0.00 0.00 0.00 0.00 0.00 0.00 0.00
-1.50 1.50 1.00 0.00 0.00 0.00 0.00 0.00 0.00 0.00 0.00
-1.50 1.50 1.00 0.00 0.00 0.00 0.00 0.00 0.00 0.00 0.00
-1.50 1.50 1.00 0.00 0.00 0.00 0.00 0.00 0.00 0.00 0.00
-1.50 1.50 1.00 0.00 0.00 0.00 0.00 0.00 0.00 0.00 0.00
-1.50 1.50 1.00 0.00 0.00 0.00 0.00 0.00 0.00 0.00 0.00
-1.50 1.50 1.00 0.00 0.00 0.00 0.00 0.00 0.00 0.00 0.00
-1.50 1.50 1.00 0.00 0.00 0.00 0.00 0.00 0.00 0.00 0.00
-1.50 1.50 1.00 0.00 0.00 0.00 0.00 0.00 0.00 0.00 0.00
-1.50 1.50 1.00 0.00 0.00 0.00 0.00 0.00 0.00 0.00 0.00
-1.50 1.50 1.00 0.00 0.00 0.00 0.00 0.00 0.00 0.00 0.00
-1.50 1.50 1.00 0.00 0.00 0.00 0.00 0.00 0.00 0.00 0.00
-1.50 1.50 1.00 0.00 0.00 0.00 0.00 0.00 0.00 0.00 0.00
-1.50 1.50 1.00 0.00 0.00 0.00 0.00 0.00 0.00 0.00 0.00
-1.50 1.50 1.00 0.00 0.00 0.00 0.00 0.00 0.00 0.00 0.00
-1.50 1.50 1.00 0.00 0.00 0.00 0.00 0.00 0.00 0.00 0.00
-1.50 1.50 1.00 0.00 0.00 0.00 0.00 0.00 0.00 0.00 0.00
-1.50 1.50 1.00 0.00 0.00 0.00 0.00 0.00 0.00 0.00 0.00
-1.50 1.50 1.00 0.00 0.00 0.00 0.00 0.00 0.00 0.00 0.00
-1.50 1.50 1.00 0.00 0.00 0.00 0.00 0.00 0.00 0.00 0.00
-1.50 1.50 1.00 0.00 0.00 0.00 0.00 0.00 0.00 0.00 0.00
-1.50 1.50 1.00 0.00 0.00 0.00 0.00 0.00 0.00 0.00 0.00
-1.50 1.50 1.00 0.00 0.00 0.00 0.00 0.00 0.00 0.00 0.00
-1.50 1.50 1.00 0.00 0.00 0.00 0.00 0.00 0.00 0.00 0.00
-1.50 1.50 1.00 0.00 0.00 0.00 0.00 0.00 0.00 0.00 0.00
-1.50 1.50 1.00 0.00 0.00 0.00 0.00 0.00 0.00 0.00 0.00
-1.50 1.50 1.00 0.00 0.00 0.00 0.00 0.00 0.00 0.00 0.00
-1.50 1.50 1.00 0.00 0.00 0.00 0.00 0.00 0.00 0.00 0.00
-1.50 1.50 1.00 0.00 0.00 0.00 0.00 0.00 0.00 0.00 0.00
-1.50 1.50 1.00 0.00 0.00 0.00 0.00 0.00 0.00 0.00 0.00
-1.50 1.50 1.00 0.00 0.00 0.00 0.00 0.00 0.00 0.00 0.00
-1.50 1.50 1.00 0.00 0.00 0.00 0.00 0.00 0.00 0.00 0.00
-1.50 1.50 1.00 0.00 0.00 0.00 0.00 0.00 0.00 0.00 0.00
-1.50 1.50 1.00 0.00 0.00 0.00 0.00 0.00 0.00 0.00 0.00
-1.50 1.50 1.00 0.00 0.00 0.00 0.00 0.00 0.00 0.00 0.00
-1.50 1.50 1.00 0.00 0.00 0.00 0.00 0.00 0.00 0.00 0.00
-1.50 1.50 1.00 0.00 0.00 0.00 0.00 0.00 0.00 0.00 0.00
-1.50 1.50 1.00 0.00 0.00 0.00 0.00 0.00 0.00 0.00 0.00
-1.50 1.50 1.00 0.00 0.00 0.00 0.00 0.00 0.00 0.00 0.00
-1.50 1.50 1.00 0.00 -0.00 0.00 0.00 -0.00 0.00 0.00 0.00
-1.50 1.50 1.00 0.00 -0.00 0.00 0.00 -0.00 0.00 0.00 0.00
-1.50 1.50 1.00 0.00 -0.00 0.00 0.00 -0.00 0.00 0.00 0.00
-1.50 1.50 1.00 0.01 -0.00 0.00 0.00 -0.00 0.00 0.00 0.00
-1.49 1.50 1.00 0.01 -0.01 0.00 0.01 -0.00 0.00 0.00 0.00
-1.49 1.50 1.00 0.02 -0.01 0.00 0.01 -0.00 0.00 0.00 0.00
-1.48 1.49 1.00 0.02 -0.01 0.00 0.01 -0.00 0.00 0.00 0.00
-1.47 1.49 1.00 0.03 -0.01 0.00 0.01 -0.00 0.00 0.00 0.00
-1.46 1.49 1.00 0.04 -0.02 0.00 0.01 -0.00 0.00 0.00 0.00
-1.44 1.48 1.00 0.05 -0.02 0.00 0.01 -0.00 0.00 0.00 0.00
-1.42 1.48 1.00 0.06 -0.02 0.00 0.01 -0.00 0.00 0.00 0.00
-1.39 1.47 1.00 0.07 -0.03 0.00 0.01 -0.00 0.00 0.00 0.00
-1.35 1.46 1.00 0.08 -0.03 0.00 0.01 -0.00 0.00 0.00 0.00
-1.35 1.46 1.00 0.09 -0.04 0.00 0.01 -0.00 0.00 0.00 0.00
-1.31 1.45 1.00 0.10 -0.04 0.00 0.01 -0.00 0.00 0.00 0.00
-1.27 1.43 1.00 0.11 -0.05 0.00 0.01 -0.01 0.00 0.00 0.00
-1.22 1.42 1.00 0.12 -0.05 0.00 0.01 -0.01 0.00 0.00 0.00
-1.17 1.41 1.00 0.13 -0.06 0.00 0.01 -0.01 0.00 0.00 0.00
-1.12 1.39 1.00 0.15 -0.06 0.00 0.01 -0.01 0.00 0.00 0.00
-1.06 1.38 1.00 0.16 -0.07 0.00 0.01 -0.01 0.00 0.00 0.00
-1.00 1.36 1.00 0.17 -0.07 0.00 0.01 -0.01 0.00 0.00 0.00
-0.95 1.34 1.00 0.19 -0.08 0.00 0.01 -0.01 0.00 0.00 0.00
-0.89 1.33 1.00 0.20 -0.09 0.00 0.01 -0.01 0.00 0.00 0.00
-0.84 1.32 1.00 0.21 -0.09 0.00 0.01 -0.01 0.00 0.00 0.00
-0.79 1.30 1.00 0.23 -0.10 0.00 0.01 -0.01 0.00 0.00 0.00
-0.75 1.29 1.00 0.24 -0.10 0.00 0.01 -0.01 0.00 0.00 0.00
-0.75 1.29 1.00 0.25 -0.11 0.00 0.01 -0.01 0.00 0.00 0.00
-0.71 1.28 1.00 0.27 -0.11 0.00 0.01 -0.01 0.00 0.00 0.00
-0.68 1.27 1.00 0.28 -0.12 0.00 0.01 -0.01 0.00 0.00 0.00
-0.65 1.27 1.00 0.29 -0.13 0.00 0.01 -0.01 0.00 0.00 0.00
-0.62 1.26 1.00 0.31 -0.13 0.00 0.01 -0.01 0.00 0.00 0.00
-0.59 1.26 1.00 0.32 -0.14 0.00 0.01 -0.01 0.00 0.00 0.00
-0.57 1.25 1.00 0.33 -0.14 0.00 0.01 -0.01 0.00 0.00 0.00
-0.55 1.24 1.00 0.34 -0.15 0.00 0.01 -0.01 0.00 0.00 0.00
-0.53 1.24 1.00 0.36 -0.15 0.00 0.01 -0.01 0.00 0.00 0.00
-0.52 1.23 1.00 0.37 -0.16 0.00 0.01 -0.01 0.00 0.00 0.00
-0.50 1.23 1.00 0.38 -0.16 0.00 0.01 -0.01 0.00 0.00 0.00
-0.48 1.22 1.00 0.39 -0.17 0.00 0.01 -0.00 0.00 0.00 0.00
-0.46 1.21 1.00 0.40 -0.17 0.00 0.01 -0.00 0.00 0.00 0.00
-0.46 1.21 1.00 0.41 -0.18 0.00 0.01 -0.00 0.00 0.00 0.00
-0.44 1.20 1.00 0.43 -0.18 0.00 0.01 -0.00 0.00 0.00 0.00
-0.41 1.18 1.00 0.44 -0.19 0.00 0.01 -0.00 0.00 0.00 0.00
-0.39 1.17 1.00 0.45 -0.19 0.00 0.01 -0.00 0.00 0.00 0.00
-0.36 1.15 1.00 0.45 -0.19 0.00 0.01 -0.00 0.00 0.00 0.00
-0.33 1.13 1.00 0.46 -0.20 0.00 0.01 -0.00 0.00 0.00 0.00
-0.30 1.11 1.00 0.47 -0.20 0.00 0.01 -0.00 0.00 0.00 0.00
-0.27 1.09 1.00 0.48 -0.21 0.00 0.01 -0.00 0.00 0.00 0.00
-0.23 1.06 1.00 0.49 -0.21 0.00 0.01 -0.00 0.00 0.00 0.00
-0.19 1.04 1.00 0.49 -0.21 0.00 0.01 -0.00 0.00 0.00 0.00
-0.15 1.01 1.00 0.50 -0.21 0.00 0.01 -0.00 0.00 0.00 0.00
-0.11 0.97 1.00 0.51 -0.22 0.00 0.01 -0.00 0.00 0.00 0.00
-0.06 0.94 1.00 0.51 -0.22 0.00 0.01 -0.00 0.00 0.00 0.00
-0.06 0.94 1.00 0.52 -0.22 0.00 0.00 -0.00 0.00 0.00 0.00
-0.01 0.90 1.00 0.52 -0.22 0.00 0.00 -0.00 0.00 0.00 0.00
0.04 0.86 1.00 0.52 -0.22 0.00 0.00 -0.00 0.00 0.00 0.00
0.09 0.82 1.00 0.53 -0.23 0.00 0.00 -0.00 0.00 0.00 0.00
0.15 0.77 1.00 0.53 -0.23 0.00 0.00 -0.00 0.00 0.00 0.00
0.21 0.73 1.00 0.53 -0.23 0.00 0.00 -0.00 0.00 0.00 0.00
0.27 0.68 1.00 0.53 -0.23 0.00 0.00 -0.00 0.00 0.00 0.00
0.34 0.64 1.00 0.54 -0.23 0.00 0.00 -0.00 0.00 0.00 0.00
0.41 0.59 1.00 0.54 -0.23 0.00 0.00 -0.00 0.00 0.00 0.00
0.48 0.55 1.00 0.54 -0.23 0.00 -0.00 0.00 0.00 0.00 0.00
0.56 0.50 1.00 0.53 -0.23 0.00 -0.00 0.00 0.00 0.00 0.00
0.64 0.46 1.00 0.53 -0.23 0.00 -0.00 0.00 0.00 0.00 0.00
0.73 0.42 1.00 0.53 -0.23 0.00 -0.00 0.00 0.00 0.00 0.00
0.73 0.42 1.00 0.53 -0.23 0.00 -0.00 0.00 0.00 0.00 0.00
0.82 0.38 1.00 0.53 -0.23 0.00 -0.00 0.00 0.00 0.00 0.00
0.91 0.34 1.00 0.52 -0.22 0.00 -0.00 0.00 0.00 0.00 0.00
1.01 0.30 1.00 0.52 -0.22 0.00 -0.00 0.00 0.00 0.00 0.00
1.11 0.26 1.00 0.51 -0.22 0.00 -0.00 0.00 0.00 0.00 0.00
1.20 0.23 1.00 0.51 -0.22 0.00 -0.01 0.00 0.00 0.00 0.00
1.30 0.20 1.00 0.50 -0.22 0.00 -0.01 0.00 0.00 0.00 0.00
1.39 0.17 1.00 0.50 -0.21 0.00 -0.01 0.00 0.00 0.00 0.00
1.48 0.15 1.00 0.49 -0.21 0.00 -0.01 0.00 0.00 0.00 0.00
1.56 0.12 1.00 0.48 -0.21 0.00 -0.01 0.00 0.00 0.00 0.00
1.64 0.10 1.00 0.48 -0.20 0.00 -0.01 0.00 0.00 0.00 0.00
1.71 0.08 1.00 0.47 -0.20 0.00 -0.01 0.00 0.00 0.00 0.00
1.77 0.06 1.00 0.46 -0.20 0.00 -0.01 0.00 0.00 0.00 0.00
1.77 0.06 1.00 0.45 -0.19 0.00 -0.01 0.00 0.00 0.00 0.00
1.82 0.05 1.00 0.44 -0.19 0.00 -0.01 0.00 0.00 0.00 0.00
1.87 0.04 1.00 0.43 -0.18 0.00 -0.01 0.00 0.00 0.00 0.00
1.90 0.03 1.00 0.42 -0.18 0.00 -0.01 0.00 0.00 0.00 0.00
1.93 0.02 1.00 0.41 -0.18 0.00 -0.01 0.00 0.00 0.00 0.00
1.95 0.01 1.00 0.40 -0.17 0.00 -0.01 0.00 0.00 0.00 0.00
1.97 0.01 1.00 0.39 -0.17 0.00 -0.01 0.00 0.00 0.00 0.00
1.98 0.00 1.00 0.37 -0.16 0.00 -0.01 0.01 0.00 0.00 0.00
1.99 0.00 1.00 0.36 -0.16 0.00 -0.01 0.01 0.00 0.00 0.00
2.00 0.00 1.00 0.35 -0.15 0.00 -0.01 0.01 0.00 0.00 0.00
2.00 0.00 1.00 0.34 -0.14 0.00 -0.01 0.01 0.00 0.00 0.00
2.00 0.00 1.00 0.33 -0.14 0.00 -0.01 0.01 0.00 0.00 0.00
2.00 0.00 1.00 0.31 -0.13 0.00 -0.01 0.01 0.00 0.00 0.00
2.00 0.00 1.00 0.00 0.00 0.00 0.00 0.00 0.00 0.00 0.00
2.00 0.00 1.00 0.00 0.00 0.00 0.00 0.00 0.00 0.00 0.00
2.00 0.00 1.00 0.00 0.00 0.00 0.00 0.00 0.00 0.00 0.00
2.00 0.00 1.00 0.00 0.00 0.00 0.00 0.00 0.00 0.00 0.00
2.00 0.00 1.00 0.00 0.00 0.00 0.00 0.00 0.00 0.00 0.00
2.00 0.00 1.00 0.00 0.00 0.00 0.00 0.00 0.00 0.00 0.00
2.00 0.00 1.00 0.00 0.00 0.00 0.00 0.00 0.00 0.00 0.00
2.00 0.00 1.00 0.00 0.00 0.00 0.00 0.00 0.00 0.00 0.00
2.00 0.00 1.00 0.00 0.00 0.00 0.00 0.00 0.00 0.00 0.00
2.00 0.00 1.00 0.00 0.00 0.00 0.00 0.00 0.00 0.00 0.00
2.00 0.00 1.00 0.00 0.00 0.00 0.00 0.00 0.00 0.00 0.00
2.00 0.00 1.00 0.00 0.00 0.00 0.00 0.00 0.00 0.00 0.00
2.00 0.00 1.00 0.00 0.00 0.00 0.00 0.00 0.00 0.00 0.00
2.00 0.00 1.00 0.00 0.00 0.00 0.00 0.00 0.00 0.00 0.00
2.00 0.00 1.00 0.00 0.00 0.00 0.00 0.00 0.00 0.00 0.00
2.00 0.00 1.00 0.00 0.00 0.00 0.00 0.00 0.00 0.00 0.00
2.00 0.00 1.00 0.00 0.00 0.00 0.00 0.00 0.00 0.00 0.00
2.00 0.00 1.00 0.00 0.00 0.00 0.00 0.00 0.00 0.00 0.00
2.00 0.00 1.00 0.00 0.00 0.00 0.00 0.00 0.00 0.00 0.00
2.00 0.00 1.00 0.00 0.00 0.00 0.00 0.00 0.00 0.00 0.00
2.00 0.00 1.00 0.00 0.00 0.00 0.00 0.00 0.00 0.00 0.00
2.00 0.00 1.00 0.00 0.00 0.00 0.00 0.00 0.00 0.00 0.00
2.00 0.00 1.00 0.00 0.00 0.00 0.00 0.00 0.00 0.00 0.00
2.00 0.00 1.00 0.00 0.00 0.00 0.00 0.00 0.00 0.00 0.00
2.00 0.00 1.00 0.00 0.00 0.00 0.00 0.00 0.00 0.00 0.00
2.00 0.00 1.00 0.00 0.00 0.00 0.00 0.00 0.00 0.00 0.00
2.00 0.00 1.00 0.00 0.00 0.00 0.00 0.00 0.00 0.00 0.00
2.00 0.00 1.00 0.00 0.00 0.00 0.00 0.00 0.00 0.00 0.00
2.00 0.00 1.00 0.00 0.00 0.00 0.00 0.00 0.00 0.00 0.00
2.00 0.00 1.00 0.00 0.00 0.00 0.00 0.00 0.00 0.00 0.00
2.00 0.00 1.00 0.00 0.00 0.00 0.00 0.00 0.00 0.00 0.00
2.00 0.00 1.00 0.00 0.00 0.00 0.00 0.00 0.00 0.00 0.00
2.00 0.00 1.00 0.00 0.00 0.00 0.00 0.00 0.00 0.00 0.00
2.00 0.00 1.00 0.00 0.00 0.00 0.00 0.00 0.00 0.00 0.00
2.00 0.00 1.00 0.00 0.00 0.00 0.00 0.00 0.00 0.00 0.00
2.00 0.00 1.00 0.00 0.00 0.00 0.00 0.00 0.00 0.00 0.00
2.00 0.00 1.00 0.00 0.00 0.00 0.00 0.00 0.00 0.00 0.00
2.00 0.00 1.00 0.00 0.00 0.00 0.00 0.00 0.00 0.00 0.00
2.00 0.00 1.00 0.00 0.00 0.00 0.00 0.00 0.00 0.00 0.00
2.00 0.00 1.00 0.00 0.00 0.00 0.00 0.00 0.00 0.00 0.00
2.00 0.00 1.00 0.00 0.00 0.00 0.00 0.00 0.00 0.00 0.00
2.00 0.00 1.00 0.00 0.00 0.00 0.00 0.00 0.00 0.00 0.00
2.00 0.00 1.00 0.00 0.00 0.00 0.00 0.00 0.00 0.00 0.00
2.00 0.00 1.00 0.00 0.00 0.00 0.00 0.00 0.00 0.00 0.00
2.00 0.00 1.00 0.00 0.00 0.00 0.00 0.00 0.00 0.00 0.00
2.00 0.00 1.00 0.00 0.00 0.00 0.00 0.00 0.00 0.00 0.00
2.00 0.00 1.00 0.00 0.00 0.00 0.00 0.00 0.00 0.00 0.00
2.00 0.00 1.00 0.00 0.00 0.00 0.00 0.00 0.00 0.00 0.00
2.00 0.00 1.00 0.00 0.00 0.00 0.00 0.00 0.00 0.00 0.00
2.00 0.00 1.00 0.00 0.00 0.00 0.00 0.00 0.00 0.00 0.00
2.00 0.00 1.00 0.00 0.00 0.00 0.00 0.00 0.00 0.00 0.00
2.00 0.00 1.00 0.00 0.00 0.00 0.00 0.00 0.00 0.00 0.00
2.00 0.00 1.00 0.00 0.00 0.00 0.00 0.00 0.00 0.00 0.00
2.00 0.00 1.00 0.00 0.00 0.00 0.00 0.00 0.00 0.00 0.00
2.00 0.00 1.00 0.00 0.00 0.00 0.00 0.00 0.00 0.00 0.00
2.00 0.00 1.00 0.00 0.00 0.00 0.00 0.00 0.00 0.00 0.00
2.00 0.00 1.00 0.00 0.00 0.00 0.00 0.00 0.00 0.00 0.00
2.00 0.00 1.00 0.00 0.00 0.00 0.00 0.00 0.00 0.00 0.00
2.00 0.00 1.00 0.00 0.00 0.00 0.00 0.00 0.00 0.00 0.00
2.00 0.00 1.00 0.00 0.00 0.00 0.00 0.00 0.00 0.00 0.00
2.00 0.00 1.00 0.00 0.00 0.00 0.00 0.00 0.00 0.00 0.00
2.00 0.00 1.00 0.00 0.00 0.00 0.00 0.00 0.00 0.00 0.00
2.00 0.00 1.00 0.00 0.00 0.00 0.00 0.00 0.00 0.00 0.00
2.00 0.00 1.00 0.00 0.00 0.00 0.00 0.00 0.00 0.00 0.00
2.00 0.00 1.00 0.00 0.00 0.00 0.00 0.00 0.00 0.00 0.00
2.00 0.00 1.00 0.00 0.00 0.00 0.00 0.00 0.00 0.00 0.00
2.00 0.00 1.00 0.00 0.00 0.00 0.00 0.00 0.00 0.00 0.00
2.00 0.00 1.00 0.00 0.00 0.00 0.00 0.00 0.00 0.00 0.00
2.00 0.00 1.00 0.00 0.00 0.00 0.00 0.00 0.00 0.00 0.00
2.00 0.00 1.00 0.00 0.00 0.00 0.00 0.00 0.00 0.00 0.00
2.00 0.00 1.00 0.00 0.00 0.00 0.00 0.00 0.00 0.00 0.00
2.00 0.00 1.00 0.00 0.00 0.00 0.00 0.00 0.00 0.00 0.00
2.00 0.00 1.00 0.00 0.00 0.00 0.00 0.00 0.00 0.00 0.00
2.00 0.00 1.00 0.00 0.00 0.00 0.00 0.00 0.00 0.00 0.00
2.00 0.00 1.00 0.00 0.00 0.00 0.00 0.00 0.00 0.00 0.00
2.00 0.00 1.00 0.00 0.00 0.00 0.00 0.00 0.00 0.00 0.00
2.00 0.00 1.00 0.00 0.00 0.00 0.00 0.00 0.00 0.00 0.00
2.00 0.00 1.00 0.00 0.00 0.00 0.00 0.00 0.00 0.00 0.00
2.00 0.00 1.00 0.00 0.00 0.00 0.00 0.00 0.00 0.00 0.00
2.00 0.00 1.00 0.00 0.00 0.00 0.00 0.00 0.00 0.00 0.00
2.00 0.00 1.00 0.00 0.00 0.00 0.00 0.00 0.00 0.00 0.00
2.00 0.00 1.00 0.00 0.00 0.00 0.00 0.00 0.00 0.00 0.00
2.00 0.00 1.00 0.00 0.00 0.00 0.00 0.00 0.00 0.00 0.00
2.00 0.00 1.00 0.00 0.00 0.00 0.00 0.00 0.00 0.00 0.00
2.00 0.00 1.00 0.00 0.00 0.00 0.00 0.00 0.00 0.00 0.00
2.00 0.00 1.00 0.00 0.00 0.00 0.00 0.00 0.00 0.00 0.00
2.00 0.00 1.00 0.00 0.00 0.00 0.00 0.00 0.00 0.00 0.00
2.00 0.00 1.00 0.00 0.00 0.00 0.00 0.00 0.00 0.00 0.00
2.00 0.00 1.00 0.00 0.00 0.00 0.00 0.00 0.00 0.00 0.00
2.00 0.00 1.00 0.00 0.00 0.00 0.00 0.00 0.00 0.00 0.00
2.00 0.00 1.00 0.00 0.00 0.00 0.00 0.00 0.00 0.00 0.00
2.00 0.00 1.00 0.00 0.00 0.00 0.00 0.00 0.00 0.00 0.00
2.00 0.00 1.00 0.00 0.00 0.00 0.00 0.00 0.00 0.00 0.00
2.00 0.00 1.00 0.00 0.00 0.00 0.00 0.00 0.00 0.00 0.00
2.00 0.00 1.00 0.00 0.00 0.00 0.00 0.00 0.00 0.00 0.00
2.00 0.00 1.00 0.00 0.00 0.00 0.00 0.00 0.00 0.00 0.00
2.00 0.00 1.00 0.00 0.00 0.00 0.00 0.00 0.00 0.00 0.00
2.00 0.00 1.00 0.00 0.00 0.00 0.00 0.00 0.00 0.00 0.00
2.00 0.00 1.00 0.00 0.00 0.00 0.00 0.00 0.00 0.00 0.00
2.00 0.00 1.00 0.00 0.00 0.00 0.00 0.00 0.00 0.00 0.00
2.00 0.00 1.00 0.00 0.00 0.00 0.00 0.00 0.00 0.00 0.00
2.00 0.00 1.00 0.00 0.00 0.00 0.00 0.00 0.00 0.00 0.00
2.00 0.00 1.00 0.00 0.00 0.00 0.00 0.00 0.00 0.00 0.00
2.00 0.00 1.00 0.00 0.00 0.00 0.00 0.00 0.00 0.00 0.00
2.00 0.00 1.00 0.00 0.00 0.00 0.00 0.00 0.00 0.00 0.00
2.00 0.00 1.00 0.00 0.00 0.00 0.00 0.00 0.00 0.00 0.00
2.00 0.00 1.00 0.00 0.00 0.00 0.00 0.00 0.00 0.00 0.00
2.00 0.00 1.00 0.00 0.00 0.00 0.00 0.00 0.00 0.00 0.00
2.00 0.00 1.00 0.00 0.00 0.00 0.00 0.00 0.00 0.00 0.00
2.00 0.00 1.00 0.00 0.00 0.00 0.00 0.00 0.00 0.00 0.00
2.00 0.00 1.00 0.00 0.00 0.00 0.00 0.00 0.00 0.00 0.00
2.00 0.00 1.00 0.00 0.00 0.00 0.00 0.00 0.00 0.00 0.00
2.00 0.00 1.00 0.00 0.00 0.00 0.00 0.00 0.00 0.00 0.00
2.00 0.00 1.00 0.00 0.00 0.00 0.00 0.00 0.00 0.00 0.00
2.00 0.00 1.00 0.00 0.00 0.00 0.00 0.00 0.00 0.00 0.00
2.00 0.00 1.00 0.00 0.00 0.00 0.00 0.00 0.00 0.00 0.00
2.00 0.00 1.00 0.00 0.00 0.00 0.00 0.00 0.00 0.00 0.00
2.00 0.00 1.00 0.00 0.00 0.00 0.00 0.00 0.00 0.00 0.00
2.00 0.00 1.00 0.00 0.00 0.00 0.00 0.00 0.00 0.00 0.00
2.00 0.00 1.00 0.00 0.00 0.00 0.00 0.00 0.00 0.00 0.00
2.00 0.00 1.00 0.00 0.00 0.00 0.00 0.00 0.00 0.00 0.00
2.00 0.00 1.00 0.00 0.00 0.00 0.00 0.00 0.00 0.00 0.00
2.00 0.00 1.00 0.00 0.00 0.00 0.00 0.00 0.00 0.00 0.00
2.00 0.00 1.00 0.00 0.00 0.00 0.00 0.00 0.00 0.00 0.00
2.00 0.00 1.00 0.00 0.00 0.00 0.00 0.00 0.00 0.00 0.00
2.00 0.00 1.00 0.00 0.00 0.00 0.00 0.00 0.00 0.00 0.00
2.00 0.00 1.00 0.00 0.00 0.00 0.00 0.00 0.00 0.00 0.00
2.00 0.00 1.00 0.00 0.00 0.00 0.00 0.00 0.00 0.00 0.00
2.00 0.00 1.00 0.00 0.00 0.00 0.00 0.00 0.00 0.00 0.00
2.00 0.00 1.00 0.00 0.00 0.00 0.00 0.00 0.00 0.00 0.00
2.00 0.00 1.00 0.00 0.00 0.00 0.00 0.00 0.00 0.00 0.00
2.00 0.00 1.00 0.00 0.00 0.00 0.00 0.00 0.00 0.00 0.00
2.00 0.00 1.00 0.00 0.00 0.00 0.00 0.00 0.00 0.00 0.00
2.00 0.00 1.00 0.00 0.00 0.00 0.00 0.00 0.00 0.00 0.00
2.00 0.00 1.00 0.00 0.00 0.00 0.00 0.00 0.00 0.00 0.00
2.00 0.00 1.00 0.00 0.00 0.00 0.00 0.00 0.00 0.00 0.00
2.00 0.00 1.00 0.00 0.00 0.00 0.00 0.00 0.00 0.00 0.00
2.00 0.00 1.00 0.00 0.00 0.00 0.00 0.00 0.00 0.00 0.00
2.00 0.00 1.00 0.00 0.00 0.00 0.00 0.00 0.00 0.00 0.00
2.00 0.00 1.00 0.00 0.00 0.00 0.00 0.00 0.00 0.00 0.00
2.00 0.00 1.00 0.00 0.00 0.00 0.00 0.00 0.00 0.00 0.00
2.00 0.00 1.00 0.00 0.00 0.00 0.00 0.00 0.00 0.00 0.00
2.00 0.00 1.00 0.00 0.00 0.00 0.00 0.00 0.00 0.00 0.00
2.00 0.00 1.00 0.00 0.00 0.00 0.00 0.00 0.00 0.00 0.00
2.00 0.00 1.00 0.00 0.00 0.00 0.00 0.00 0.00 0.00 0.00
2.00 0.00 1.00 0.00 0.00 0.00 0.00 0.00 0.00 0.00 0.00
2.00 0.00 1.00 0.00 0.00 0.00 0.00 0.00 0.00 0.00 0.00
2.00 0.00 1.00 0.00 0.00 0.00 0.00 0.00 0.00 0.00 0.00
2.00 0.00 1.00 0.00 0.00 0.00 0.00 0.00 0.00 0.00 0.00
2.00 0.00 1.00 0.00 0.00 0.00 0.00 0.00 0.00 0.00 0.00
2.00 0.00 1.00 -0.00 -0.00 0.00 -0.00 -0.00 0.00 0.00 0.00
2.00 -0.00 1.00 -0.00 -0.00 0.00 -0.00 -0.00 0.00 0.00 0.00
2.00 -0.00 1.00 -0.00 -0.00 0.00 -0.00 -0.00 0.00 0.00 0.00
2.00 -0.00 1.00 -0.01 -0.00 0.00 -0.00 -0.00 0.00 0.00 0.00
2.00 -0.00 1.00 -0.01 -0.00 0.00 -0.00 -0.00 0.00 0.00 0.00
2.00 -0.00 1.00 -0.01 -0.01 0.00 -0.00 -0.00 0.00 0.00 0.00
2.00 -0.00 1.00 -0.02 -0.01 0.00 -0.00 -0.00 0.00 0.00 0.00
2.00 -0.00 1.00 -0.02 -0.01 0.00 -0.00 -0.00 0.00 0.00 0.00
1.99 -0.00 1.00 -0.03 -0.01 0.00 -0.01 -0.00 0.00 0.00 0.00
1.99 -0.00 1.00 -0.03 -0.01 0.00 -0.01 -0.00 0.00 0.00 0.00
1.99 -0.00 1.00 -0.04 -0.02 0.00 -0.01 -0.00 0.00 0.00 0.00
1.98 -0.01 1.00 -0.04 -0.02 0.00 -0.01 -0.00 0.00 0.00 0.00
1.98 -0.01 1.00 -0.05 -0.02 0.00 -0.01 -0.00 0.00 0.00 0.00
1.97 -0.01 1.00 -0.06 -0.03 0.00 -0.01 -0.00 0.00 0.00 0.00
1.96 -0.01 1.00 -0.07 -0.03 0.00 -0.01 -0.00 0.00 0.00 0.00
1.95 -0.01 1.00 -0.08 -0.03 0.00 -0.01 -0.00 0.00 0.00 0.00
1.94 -0.02 1.00 -0.08 -0.04 0.00 -0.01 -0.00 0.00 0.00 0.00
1.93 -0.02 1.00 -0.09 -0.04 0.00 -0.01 -0.00 0.00 0.00 0.00
1.92 -0.02 1.00 -0.10 -0.04 0.00 -0.01 -0.00 0.00 0.00 0.00
1.91 -0.03 1.00 -0.11 -0.05 0.00 -0.01 -0.00 0.00 0.00 0.00
1.89 -0.03 1.00 -0.12 -0.05 0.00 -0.01 -0.00 0.00 0.00 0.00
1.87 -0.04 1.00 -0.13 -0.06 0.00 -0.01 -0.00 0.00 0.00 0.00
1.85 -0.04 1.00 -0.14 -0.06 0.00 -0.01 -0.00 0.00 0.00 0.00
1.85 -0.04 1.00 -0.15 -0.07 0.00 -0.01 -0.00 0.00 0.00 0.00
1.83 -0.05 1.00 -0.16 -0.07 0.00 -0.01 -0.00 0.00 0.00 0.00
1.81 -0.05 1.00 -0.18 -0.08 0.00 -0.01 -0.00 0.00 0.00 0.00
1.79 -0.06 1.00 -0.19 -0.08 0.00 -0.01 -0.00 0.00 0.00 0.00
1.76 -0.07 1.00 -0.20 -0.08 0.00 -0.01 -0.00 0.00 0.00 0.00
1.73 -0.08 1.00 -0.21 -0.09 0.00 -0.01 -0.01 0.00 0.00 0.00
1.70 -0.09 1.00 -0.22 -0.09 0.00 -0.01 -0.01 0.00 0.00 0.00
1.67 -0.10 1.00 -0.23 -0.10 0.00 -0.01 -0.01 0.00 0.00 0.00
1.63 -0.11 1.00 -0.25 -0.11 0.00 -0.01 -0.01 0.00 0.00 0.00
1.60 -0.12 1.00 -0.26 -0.11 0.00 -0.01 -0.01 0.00 0.00 0.00
1.56 -0.13 1.00 -0.27 -0.12 0.00 -0.01 -0.01 0.00 0.00 0.00
1.52 -0.15 1.00 -0.28 -0.12 0.00 -0.01 -0.01 0.00 0.00 0.00
1.47 -0.16 1.00 -0.29 -0.13 0.00 -0.01 -0.01 0.00 0.00 0.00
1.43 -0.18 1.00 -0.31 -0.13 0.00 -0.01 -0.01 0.00 0.00 0.00
1.38 -0.20 1.00 -0.32 -0.14 0.00 -0.01 -0.01 0.00 0.00 0.00
1.33 -0.22 1.00 -0.33 -0.14 0.00 -0.01 -0.01 0.00 0.00 0.00
1.27 -0.24 1.00 -0.34 -0.15 0.00 -0.01 -0.01 0.00 0.00 0.00
1.22 -0.26 1.00 -0.36 -0.15 0.00 -0.01 -0.01 0.00 0.00 0.00
1.16 -0.28 1.00 -0.37 -0.16 0.00 -0.01 -0.01 0.00 0.00 0.00
1.10 -0.31 1.00 -0.38 -0.16 0.00 -0.01 -0.01 0.00 0.00 0.00
1.03 -0.34 1.00 -0.39 -0.17 0.00 -0.01 -0.01 0.00 0.00 0.00
0.97 -0.37 1.00 -0.40 -0.17 0.00 -0.01 -0.01 0.00 0.00 0.00
0.90 -0.40 1.00 -0.42 -0.18 0.00 -0.01 -0.01 0.00 0.00 0.00
0.90 -0.40 1.00 -0.43 -0.18 0.00 -0.01 -0.01 0.00 0.00 0.00
0.82 -0.43 1.00 -0.44 -0.19 0.00 -0.01 -0.01 0.00 0.00 0.00
0.75 -0.46 1.00 -0.45 -0.19 0.00 -0.01 -0.00 0.00 0.00 0.00
0.67 -0.50 1.00 -0.46 -0.20 0.00 -0.01 -0.00 0.00 0.00 0.00
0.59 -0.53 1.00 -0.47 -0.20 0.00 -0.01 -0.00 0.00 0.00 0.00
0.51 -0.57 1.00 -0.49 -0.21 0.00 -0.01 -0.00 0.00 0.00 0.00
0.43 -0.61 1.00 -0.50 -0.21 0.00 -0.01 -0.00 0.00 0.00 0.00
0.35 -0.65 1.00 -0.51 -0.22 0.00 -0.01 -0.00 0.00 0.00 0.00
0.26 -0.69 1.00 -0.52 -0.22 0.00 -0.01 -0.00 0.00 0.00 0.00
0.18 -0.73 1.00 -0.53 -0.23 0.00 -0.01 -0.00 0.00 0.00 0.00
0.09 -0.77 1.00 -0.54 -0.23 0.00 -0.01 -0.00 0.00 0.00 0.00
0.01 -0.81 1.00 -0.55 -0.24 0.00 -0.01 -0.00 0.00 0.00 0.00
-0.07 -0.85 1.00 -0.56 -0.24 0.00 -0.01 -0.00 0.00 0.00 0.00
-0.16 -0.89 1.00 -0.57 -0.24 0.00 -0.01 -0.00 0.00 0.00 0.00
-0.24 -0.93 1.00 -0.58 -0.25 0.00 -0.01 -0.00 0.00 0.00 0.00
-0.32 -0.97 1.00 -0.59 -0.25 0.00 -0.01 -0.00 0.00 0.00 0.00
-0.40 -1.01 1.00 -0.60 -0.26 0.00 -0.01 -0.00 0.00 0.00 0.00
-0.47 -1.04 1.00 -0.61 -0.26 0.00 -0.01 -0.00 0.00 0.00 0.00
-0.55 -1.08 1.00 -0.61 -0.26 0.00 -0.01 -0.00 0.00 0.00 0.00
-0.62 -1.11 1.00 -0.62 -0.27 0.00 -0.01 -0.00 0.00 0.00 0.00
-0.69 -1.15 1.00 -0.63 -0.27 0.00 -0.01 -0.00 0.00 0.00 0.00
-0.75 -1.18 1.00 -0.64 -0.27 0.00 -0.01 -0.00 0.00 0.00 0.00
-0.81 -1.21 1.00 -0.64 -0.28 0.00 -0.01 -0.00 0.00 0.00 0.00
-0.81 -1.21 1.00 -0.65 -0.28 0.00 -0.01 -0.00 0.00 0.00 0.00
-0.87 -1.24 1.00 -0.66 -0.28 0.00 -0.01 -0.00 0.00 0.00 0.00
-0.92 -1.26 1.00 -0.67 -0.29 0.00 -0.01 -0.00 0.00 0.00 0.00
-0.97 -1.28 1.00 -0.67 -0.29 0.00 -0.01 -0.00 0.00 0.00 0.00
-1.02 -1.31 1.00 -0.68 -0.29 0.00 -0.01 -0.00 0.00 0.00 0.00
-1.07 -1.33 1.00 -0.68 -0.29 0.00 -0.01 -0.00 0.00 0.00 0.00
-1.11 -1.34 1.00 -0.69 -0.29 0.00 -0.01 -0.00 0.00 0.00 0.00
-1.14 -1.36 1.00 -0.69 -0.30 0.00 -0.00 -0.00 0.00 0.00 0.00
-1.18 -1.38 1.00 -0.70 -0.30 0.00 -0.00 -0.00 0.00 0.00 0.00
-1.21 -1.39 1.00 -0.70 -0.30 0.00 -0.00 -0.00 0.00 0.00 0.00
-1.24 -1.40 1.00 -0.71 -0.30 0.00 -0.00 -0.00 0.00 0.00 0.00
-1.27 -1.41 1.00 -0.71 -0.30 0.00 -0.00 -0.00 0.00 0.00 0.00
-1.29 -1.42 1.00 -0.71 -0.31 0.00 -0.00 -0.00 0.00 0.00 0.00
-1.31 -1.43 1.00 -0.71 -0.31 0.00 -0.00 -0.00 0.00 0.00 0.00
-1.33 -1.44 1.00 -0.72 -0.31 0.00 -0.00 -0.00 0.00 0.00 0.00
-1.35 -1.45 1.00 -0.72 -0.31 0.00 -0.00 -0.00 0.00 0.00 0.00
-1.37 -1.45 1.00 -0.72 -0.31 0.00 -0.00 -0.00 0.00 0.00 0.00
-1.38 -1.46 1.00 -0.72 -0.31 0.00 -0.00 -0.00 0.00 0.00 0.00
-1.40 -1.46 1.00 -0.72 -0.31 0.00 -0.00 -0.00 0.00 0.00 0.00
-1.41 -1.47 1.00 -0.72 -0.31 0.00 -0.00 -0.00 0.00 0.00 0.00
-1.42 -1.47 1.00 -0.72 -0.31 0.00 -0.00 -0.00 0.00 0.00 0.00
-1.43 -1.48 1.00 -0.72 -0.31 0.00 0.00 0.00 0.00 0.00 0.00
-1.44 -1.48 1.00 -0.72 -0.31 0.00 0.00 0.00 0.00 0.00 0.00
-1.44 -1.48 1.00 -0.72 -0.31 0.00 0.00 0.00 0.00 0.00 0.00
-1.45 -1.48 1.00 -0.72 -0.31 0.00 0.00 0.00 0.00 0.00 0.00
-1.45 -1.48 1.00 -0.72 -0.31 0.00 0.00 0.00 0.00 0.00 0.00
-1.46 -1.49 1.00 -0.72 -0.31 0.00 0.00 0.00 0.00 0.00 0.00
-1.47 -1.49 1.00 -0.72 -0.31 0.00 0.00 0.00 0.00 0.00 0.00
-1.47 -1.49 1.00 -0.71 -0.31 0.00 0.00 0.00 0.00 0.00 0.00
-1.48 -1.49 1.00 -0.71 -0.31 0.00 0.00 0.00 0.00 0.00 0.00
-1.48 -1.49 1.00 -0.71 -0.30 0.00 0.00 0.00 0.00 0.00 0.00
-1.48 -1.49 1.00 -0.71 -0.30 0.00 0.00 0.00 0.00 0.00 0.00
-1.49 -1.50 1.00 -0.70 -0.30 0.00 0.00 0.00 0.00 0.00 0.00
-1.49 -1.50 1.00 -0.70 -0.30 0.00 0.00 0.00 0.00 0.00 0.00
-1.49 -1.50 1.00 -0.69 -0.30 0.00 0.00 0.00 0.00 0.00 0.00
-1.49 -1.50 1.00 -0.69 -0.29 0.00 0.00 0.00 0.00 0.00 0.00
-1.50 -1.50 1.00 -0.68 -0.29 0.00 0.01 0.00 0.00 0.00 0.00
-1.50 -1.50 1.00 -0.68 -0.29 0.00 0.01 0.00 0.00 0.00 0.00
-1.50 -1.50 1.00 -0.67 -0.29 0.00 0.01 0.00 0.00 0.00 0.00
-1.50 -1.50 1.00 -0.67 -0.29 0.00 0.01 0.00 0.00 0.00 0.00
-1.50 -1.50 1.00 -0.66 -0.28 0.00 0.01 0.00 0.00 0.00 0.00
-1.50 -1.50 1.00 -0.65 -0.28 0.00 0.01 0.00 0.00 0.00 0.00
-1.50 -1.50 1.00 -0.65 -0.28 0.00 0.01 0.00 0.00 0.00 0.00
-1.50 -1.50 1.00 -0.64 -0.27 0.00 0.01 0.00 0.00 0.00 0.00
-1.50 -1.50 1.00 -0.63 -0.27 0.00 0.01 0.00 0.00 0.00 0.00
-1.50 -1.50 1.00 -0.62 -0.27 0.00 0.01 0.00 0.00 0.00 0.00
-1.50 -1.50 1.00 0.00 0.00 -0.40 0.00 0.00 0.00 0.00 0.00
-1.50 -1.50 0.99 0.00 0.00 -0.40 0.00 0.00 0.00 0.00 0.00
-1.50 -1.50 0.98 0.00 0.00 -0.40 0.00 0.00 0.00 0.00 0.00
-1.50 -1.50 0.97 0.00 0.00 -0.40 0.00 0.00 0.00 0.00 0.00
-1.50 -1.50 0.96 0.00 0.00 -0.40 0.00 0.00 0.00 0.00 0.00
-1.50 -1.50 0.95 0.00 0.00 -0.40 0.00 0.00 0.00 0.00 0.00
-1.50 -1.50 0.94 0.00 0.00 -0.40 0.00 0.00 0.00 0.00 0.00
-1.50 -1.50 0.93 0.00 0.00 -0.40 0.00 0.00 0.00 0.00 0.00
-1.50 -1.50 0.92 0.00 0.00 -0.40 0.00 0.00 0.00 0.00 0.00
-1.50 -1.50 0.91 0.00 0.00 -0.40 0.00 0.00 0.00 0.00 0.00
-1.50 -1.50 0.90 0.00 0.00 -0.40 0.00 0.00 0.00 0.00 0.00
-1.50 -1.50 0.89 0.00 0.00 -0.40 0.00 0.00 0.00 0.00 0.00
-1.50 -1.50 0.88 0.00 0.00 -0.40 0.00 0.00 0.00 0.00 0.00
-1.50 -1.50 0.87 0.00 0.00 -0.40 0.00 0.00 0.00 0.00 0.00
-1.50 -1.50 0.86 0.00 0.00 -0.40 0.00 0.00 0.00 0.00 0.00
-1.50 -1.50 0.85 0.00 0.00 -0.40 0.00 0.00 0.00 0.00 0.00
-1.50 -1.50 0.84 0.00 0.00 -0.40 0.00 0.00 0.00 0.00 0.00
-1.50 -1.50 0.83 0.00 0.00 -0.40 0.00 0.00 0.00 0.00 0.00
-1.50 -1.50 0.82 0.00 0.00 -0.40 0.00 0.00 0.00 0.00 0.00
-1.50 -1.50 0.81 0.00 0.00 -0.40 0.00 0.00 0.00 0.00 0.00
-1.50 -1.50 0.80 0.00 0.00 -0.40 0.00 0.00 0.00 0.00 0.00
-1.50 -1.50 0.79 0.00 0.00 -0.40 0.00 0.00 0.00 0.00 0.00
-1.50 -1.50 0.78 0.00 0.00 -0.40 0.00 0.00 0.00 0.00 0.00
-1.50 -1.50 0.77 0.00 0.00 -0.40 0.00 0.00 0.00 0.00 0.00
-1.50 -1.50 0.76 0.00 0.00 -0.40 0.00 0.00 0.00 0.00 0.00
-1.50 -1.50 0.75 0.00 0.00 -0.40 0.00 0.00 0.00 0.00 0.00
-1.50 -1.50 0.74 0.00 0.00 -0.40 0.00 0.00 0.00 0.00 0.00
-1.50 -1.50 0.73 0.00 0.00 -0.40 0.00 0.00 0.00 0.00 0.00
-1.50 -1.50 0.72 0.00 0.00 -0.40 0.00 0.00 0.00 0.00 0.00
-1.50 -1.50 0.71 0.00 0.00 -0.40 0.00 0.00 0.00 0.00 0.00
-1.50 -1.50 0.70 0.00 0.00 -0.40 0.00 0.00 0.00 0.00 0.00
-1.50 -1.50 0.69 0.00 0.00 -0.40 0.00 0.00 0.00 0.00 0.00
-1.50 -1.50 0.68 0.00 0.00 -0.40 0.00 0.00 0.00 0.00 0.00
-1.50 -1.50 0.67 0.00 0.00 -0.40 0.00 0.00 0.00 0.00 0.00
-1.50 -1.50 0.66 0.00 0.00 -0.40 0.00 0.00 0.00 0.00 0.00
-1.50 -1.50 0.65 0.00 0.00 -0.40 0.00 0.00 0.00 0.00 0.00
-1.50 -1.50 0.64 0.00 0.00 -0.40 0.00 0.00 0.00 0.00 0.00
-1.50 -1.50 0.63 0.00 0.00 -0.40 0.00 0.00 0.00 0.00 0.00
-1.50 -1.50 0.62 0.00 0.00 -0.40 0.00 0.00 0.00 0.00 0.00
-1.50 -1.50 0.61 0.00 0.00 -0.40 0.00 0.00 0.00 0.00 0.00
-1.50 -1.50 0.60 0.00 0.00 -0.40 0.00 0.00 0.00 0.00 0.00
-1.50 -1.50 0.59 0.00 0.00 -0.40 0.00 0.00 0.00 0.00 0.00
-1.50 -1.50 0.58 0.00 0.00 -0.40 0.00 0.00 0.00 0.00 0.00
-1.50 -1.50 0.57 0.00 0.00 -0.40 0.00 0.00 0.00 0.00 0.00
-1.50 -1.50 0.56 0.00 0.00 -0.40 0.00 0.00 0.00 0.00 0.00
-1.50 -1.50 0.55 0.00 0.00 -0.40 0.00 0.00 0.00 0.00 0.00
-1.50 -1.50 0.54 0.00 0.00 -0.40 0.00 0.00 0.00 0.00 0.00
-1.50 -1.50 0.53 0.00 0.00 -0.40 0.00 0.00 0.00 0.00 0.00
-1.50 -1.50 0.52 0.00 0.00 -0.40 0.00 0.00 0.00 0.00 0.00
-1.50 -1.50 0.51 0.00 0.00 -0.40 0.00 0.00 0.00 0.00 0.00
-1.50 -1.50 0.50 0.00 0.00 -0.40 0.00 0.00 0.00 0.00 0.00
-1.50 -1.50 0.49 0.00 0.00 -0.40 0.00 0.00 0.00 0.00 0.00
-1.50 -1.50 0.48 0.00 0.00 -0.40 0.00 0.00 0.00 0.00 0.00
-1.50 -1.50 0.47 0.00 0.00 -0.40 0.00 0.00 0.00 0.00 0.00
-1.50 -1.50 0.46 0.00 0.00 -0.40 0.00 0.00 0.00 0.00 0.00
-1.50 -1.50 0.45 0.00 0.00 -0.40 0.00 0.00 0.00 0.00 0.00
-1.50 -1.50 0.44 0.00 0.00 -0.40 0.00 0.00 0.00 0.00 0.00
-1.50 -1.50 0.43 0.00 0.00 -0.40 0.00 0.00 0.00 0.00 0.00
-1.50 -1.50 0.42 0.00 0.00 -0.40 0.00 0.00 0.00 0.00 0.00
-1.50 -1.50 0.41 0.00 0.00 -0.40 0.00 0.00 0.00 0.00 0.00
-1.50 -1.50 0.40 0.00 0.00 -0.40 0.00 0.00 0.00 0.00 0.00
-1.50 -1.50 0.39 0.00 0.00 -0.40 0.00 0.00 0.00 0.00 0.00
-1.50 -1.50 0.38 0.00 0.00 -0.40 0.00 0.00 0.00 0.00 0.00
-1.50 -1.50 0.37 0.00 0.00 -0.40 0.00 0.00 0.00 0.00 0.00
-1.50 -1.50 0.36 0.00 0.00 -0.40 0.00 0.00 0.00 0.00 0.00
-1.50 -1.50 0.35 0.00 0.00 -0.40 0.00 0.00 0.00 0.00 0.00
-1.50 -1.50 0.34 0.00 0.00 -0.40 0.00 0.00 0.00 0.00 0.00
-1.50 -1.50 0.33 0.00 0.00 -0.40 0.00 0.00 0.00 0.00 0.00
-1.50 -1.50 0.32 0.00 0.00 -0.40 0.00 0.00 0.00 0.00 0.00
-1.50 -1.50 0.31 0.00 0.00 -0.40 0.00 0.00 0.00 0.00 0.00
-1.50 -1.50 0.30 0.00 0.00 -0.40 0.00 0.00 0.00 0.00 0.00
-1.50 -1.50 0.30 0.00 0.00 -0.40 0.00 0.00 0.00 0.00 0.00
-1.50 -1.50 0.29 0.00 0.00 -0.40 0.00 0.00 0.00 0.00 0.00
-1.50 -1.50 0.28 0.00 0.00 -0.40 0.00 0.00 0.00 0.00 0.00
-1.50 -1.50 0.27 0.00 0.00 -0.40 0.00 0.00 0.00 0.00 0.00
-1.50 -1.50 0.26 0.00 0.00 -0.40 0.00 0.00 0.00 0.00 0.00
-1.50 -1.50 0.25 0.00 0.00 -0.40 0.00 0.00 0.00 0.00 0.00
-1.50 -1.50 0.24 0.00 0.00 -0.40 0.00 0.00 0.00 0.00 0.00
-1.50 -1.50 0.23 0.00 0.00 -0.40 0.00 0.00 0.00 0.00 0.00
-1.50 -1.50 0.22 0.00 0.00 -0.40 0.00 0.00 0.00 0.00 0.00
-1.50 -1.50 0.21 0.00 0.00 -0.40 0.00 0.00 0.00 0.00 0.00
-1.50 -1.50 0.20 0.00 0.00 -0.40 0.00 0.00 0.00 0.00 0.00
-1.50 -1.50 0.19 0.00 0.00 -0.40 0.00 0.00 0.00 0.00 0.00
-1.50 -1.50 0.18 0.00 0.00 -0.40 0.00 0.00 0.00 0.00 0.00
-1.50 -1.50 0.17 0.00 0.00 -0.40 0.00 0.00 0.00 0.00 0.00
-1.50 -1.50 0.16 0.00 0.00 -0.40 0.00 0.00 0.00 0.00 0.00
-1.50 -1.50 0.15 0.00 0.00 -0.40 0.00 0.00 0.00 0.00 0.00
-1.50 -1.50 0.14 0.00 0.00 -0.40 0.00 0.00 0.00 0.00 0.00
-1.50 -1.50 0.13 0.00 0.00 -0.40 0.00 0.00 0.00 0.00 0.00
-1.50 -1.50 0.12 0.00 0.00 -0.40 0.00 0.00 0.00 0.00 0.00
-1.50 -1.50 0.11 0.00 0.00 -0.40 0.00 0.00 0.00 0.00 0.00
-1.50 -1.50 0.10 0.00 0.00 -0.40 0.00 0.00 0.00 0.00 0.00
-1.50 -1.50 0.09 0.00 0.00 -0.40 0.00 0.00 0.00 0.00 0.00
-1.50 -1.50 0.08 0.00 0.00 -0.40 0.00 0.00 0.00 0.00 0.00
-1.50 -1.50 0.07 0.00 0.00 -0.40 0.00 0.00 0.00 0.00 0.00
-1.50 -1.50 0.06 0.00 0.00 -0.40 0.00 0.00 0.00 0.00 0.00
-1.50 -1.50 0.05 0.00 0.00 -0.40 0.00 0.00 0.00 0.00 0.00
-1.50 -1.50 0.04 0.00 0.00 -0.40 0.00 0.00 0.00 0.00 0.00
-1.50 -1.50 0.03 0.00 0.00 -0.40 0.00 0.00 0.00 0.00 0.00
-1.50 -1.50 0.02 0.00 0.00 -0.40 0.00 0.00 0.00 0.00 0.00
-1.50 -1.50 0.01 0.00 0.00 -0.40 0.00 0.00 0.00 0.00 0.00
-1.50 -1.50 -0.00 0.00 0.00 -0.40 0.00 0.00 0.00 0.00 0.00
-1.50 -1.50 0.00 0.00 0.00 0.00 0.00 0.00 0.00 0.00 0.00
-1.50 -1.50 0.00 0.00 0.00 0.00 0.00 0.00 0.00 0.00 0.00
-1.50 -1.50 0.00 0.00 0.00 0.00 0.00 0.00 0.00 0.00 0.00
-1.50 -1.50 0.00 0.00 0.00 0.00 0.00 0.00 0.00 0.00 0.00
-1.50 -1.50 0.00 0.00 0.00 0.00 0.00 0.00 0.00 0.00 0.00
-1.50 -1.50 0.00 0.00 0.00 0.00 0.00 0.00 0.00 0.00 0.00
-1.50 -1.50 0.00 0.00 0.00 0.00 0.00 0.00 0.00 0.00 0.00
-1.50 -1.50 0.00 0.00 0.00 0.00 0.00 0.00 0.00 0.00 0.00
-1.50 -1.50 0.00 0.00 0.00 0.00 0.00 0.00 0.00 0.00 0.00
-1.50 -1.50 0.00 0.00 0.00 0.00 0.00 0.00 0.00 0.00 0.00
-1.50 -1.50 0.00 0.00 0.00 0.00 0.00 0.00 0.00 0.00 0.00
